841
54 450
216 105
313 14
175 746
642 177
83 70
790 691
727 228
487 262
434 154
204 117
136 59
439 559
20 188
258 195
272 608
666 474
582 581
120 159
162 251
306 138
625 620
100 71
101 12
157 308
48 183
567 88
488 326
1 7
80 196
262 215
650 482
809 104
533 205
479 16
463 194
132 5
2 11
518 798
340 439
316 456
79 229
223 441
94 171
38 331
254 817
2 60
571 762
66 347
55 41
4 12
27 20
693 300
143 701
117 779
740 629
62 452
182 327
52 359
190 384
192 198
399 266
407 323
208 465
261 573
147 202
637 196
776 708
652 58
266 9
70 297
550 400
411 628
417 446
452 589
414 655
89 113
79 140
792 834
401 382
177 230
630 498
16 23
191 164
422 675
612 414
757 751
505 682
94 524
680 189
173 791
796 198
728 458
832 92
482 466
101 143
580 206
210 335
58 649
112 37
257 260
258 269
744 521
344 316
380 70
404 131
3 71
605 262
84 626
17 13
158 135
167 114
96 40
132 563
461 5
342 525
124 25
187 302
578 485
639 414
268 114
87 62
24 22
546 527
611 29
221 709
458 529
300 372
500 215
464 722
410 473
240 23
91 48
270 485
8 81
310 696
590 534
18 14
151 284
143 358
737 299
254 34
356 826
545 295
316 275
173 211
33 388
387 160
360 557
23 31
265 274
280 394
2 128
504 364
551 522
751 107
689 480
227 413
433 490
42 538
403 131
350 65
330 377
519 501
808 345
437 813
49 11
55 95
24 328
320 618
332 677
10 62
681 116
598 575
75 65
107 818
52 116
395 700
179 376
99 317
374 454
370 341
512 85
191 293
338 415
108 69
5 489
766 815
43 46
187 357
36 37
114 51
572 337
133 440
255 772
298 445
707 642
197 22
786 72
63 447
113 337
484 586
103 61
314 562
427 328
37 362
787 29
13 28
178 76
1 16
38 123
175 126
263 12
801 238
20 102
194 619
215 142
137 58
299 311
805 577
603 497
453 165
149 334
199 66
430 367
748 690
29 788
101 363
210 318
508 570
9 794
21 6
688 51
238 243
190 90
7 147
393 167
181 714
117 133
455 806
88 39
196 291
828 437
103 493
687 204
147 154
78 200
160 91
340 311
217 212
1 3
418 292
189 565
433 6
5 25
65 664
344 494
33 195
836 665
260 810
176 782
576 258
9 3
14 10
816 41
769 334
667 327
220 273
2 6
150 458
631 525
566 163
28 43
343 216
1 68
61 478
374 785
384 569
221 92
554 464
6 8
50 53
383 657
177 102
24 256
112 841
381 398
4 1
542 149
330 214
600 646
69 475
227 29
577 188
163 133
135 64
234 477
571 137
21 162
509 88
308 530
166 459
612 717
103 438
90 45
81 82
277 121
15 683
516 778
703 243
150 90
246 250
8 120
5 149
285 8
814 820
145 236
129 224
761 258
715 375
74 25
176 3
497 267
314 37
572 607
205 48
355 324
288 149
645 616
57 77
501 9
648 280
156 271
554 827
213 85
617 209
520 633
795 485
546 686
541 352
259 212
2 29
30 208
108 595
265 212
52 117
76 685
706 33
3 70
129 299
151 1
181 106
110 8
11 661
12 47
420 35
264 44
670 57
635 545
647 474
767 740
37 674
153 379
66 425
44 745
325 190
100 651
770 176
37 455
513 296
313 471
231 107
200 804
148 385
687 823
574 434
39 29
573 679
183 532
15 30
103 354
28 104
128 527
5 4
37 495
568 451
147 155
323 154
527 584
119 15
510 188
351 82
641 332
503 157
410 245
173 324
6 506
59 23
89 50
462 833
150 829
417 347
11 57
354 695
499 33
22 184
50 145
211 412
521 122
811 208
11 80
306 353
364 161
126 43
127 55
673 665
35 10
460 328
12 141
738 462
34 414
129 71
831 205
294 221
544 672
268 765
131 310
78 61
453 736
193 560
234 235
838 573
221 429
243 375
797 299
749 521
442 303
5 472
108 296
51 22
723 661
235 321
332 118
719 646
105 115
451 183
69 210
60 336
271 307
759 562
654 396
12 556
766 784
587 206
5 130
161 105
247 63
94 416
5 36
597 531
747 257
615 188
122 114
404 555
40 12
32 58
3 63
602 282
474 190
483 518
766 261
213 287
241 211
492 531
629 697
169 72
327 644
233 51
8 20
789 244
10 26
171 180
107 32
165 11
132 292
109 421
511 355
564 463
297 448
94 60
94 634
359 724
93 164
219 11
616 555
170 38
286 14
526 167
549 403
535 409
837 676
148 95
202 338
716 554
397 126
203 755
824 535
110 613
64 601
39 61
695 721
85 23
225 699
419 102
596 562
435 276
49 109
1 2
712 395
49 50
53 252
599 215
153 606
83 466
777 102
329 141
146 368
802 201
142 402
583 576
610 48
59 121
261 239
799 261
381 335
262 665
432 379
179 160
725 363
498 502
121 457
152 67
34 22
330 392
238 224
73 21
180 270
460 476
1 300
502 515
444 419
658 579
32 139
97 81
504 704
156 322
653 482
201 32
781 116
274 333
552 173
536 659
168 237
411 220
92 42
708 408
249 278
676 207
536 340
420 668
426 443
481 84
821 510
106 47
172 91
718 285
638 496
39 182
309 365
65 105
547 107
77 187
720 694
640 171
349 38
684 125
754 387
72 775
220 25
281 237
295 278
33 2
244 123
53 326
200 783
164 360
250 309
428 162
520 49
167 234
29 807
48 22
15 7
328 839
144 88
592 68
796 814
93 37
272 168
312 136
289 210
131 89
134 75
93 423
732 240
341 204
300 374
297 523
44 146
231 242
698 397
122 279
239 142
287 369
164 470
694 461
3 13
507 277
636 116
320 215
375 396
431 360
186 32
822 221
539 41
332 660
389 146
165 395
492 248
244 558
528 381
87 249
695 792
600 264
423 467
484 15
237 253
34 173
581 726
79 276
142 226
195 424
752 243
67 43
594 83
273 758
780 534
241 386
63 283
65 13
516 104
691 54
290 259
189 106
166 11
174 70
409 289
48 835
753 429
537 285
147 346
437 434
609 41
88 111
37 739
295 579
518 643
587 622
169 480
186 426
367 346
278 819
34 248
663 409
35 41
23 382
315 246
298 293
830 183
260 585
125 120
713 78
267 204
81 206
99 74
89 301
544 416
272 304
142 139
303 122
95 218
771 135
125 671
529 669
623 478
194 121
464 331
390 217
282 203
285 729
90 763
173 491
469 390
554 588
212 22
217 378
76 59
543 190
16 400
86 8
498 424
449 10
200 305
620 559
180 228
168 68
624 523
432 553
24 486
280 130
118 11
185 90
42 72
742 678
156 150
448 483
467 534
705 134
454 702
64 800
462 8
257 154
514 456
260 383
587 756
65 69
4 157
6 10
17 98
5 56
101 339
9 19
192 131
632 355
32 18
614 524
505 36
319 118
408 260
7 345
38 28
204 225
340 468
496 240
3 371
373 264
44 37
207 57
143 561
